dam = [20.05 19.46 18.99 17.84 18.68 18.53 24.13 26.39 27.23 23.66 17.32 16.39 17.55 13.52 12.89 13.68 14.13 17.3 21.76 26.47 26.96 22.04 20.95 19.05];

%%
dam = [30.28 26.79 25.63 18.58 19.01 28.52 37.32 47.06 51.54 49.52 46.75 44.85 41.35 38.4 34.92 34.07 35.37 40.03 46.01 60.08 61.66 53.66 46.39 43.93]

%%
dam = [91.6 68.2 42.7 44.07 45.5 47 69.4 53.51 78.95 76.87 77.28 80.6 78.76 77.35 80.4 83.57 89.68 100 73.08 54.78 51.39 50.66 53.05 45.15]

%%
dam = [33.27 28.54 27.96 27.3 27.15 27.9 33.83 37.65 37.2 34.17 32.55 25.1 19.7 22.3 23.74 21.55 21.2 28 38.43 40.7 40.84 40.1 40.15 37]
